0,50,83,58,79,108,75,82,54
1,55,92,120,84,63,61,88,53
2,61,64,73,66,92,78,67,57
3,65,117,116,84,48,81,91,71
4,65,128,116,54,76,81,88,59
5,61,86,66,54,114,78,64,64
6,59,86,120,83,85,75,93,63
7,56,86,116,70,72,83,80,64
8,23,82,74,68,98,64,62,52
0,87,93,62,58,59,61,55,65
1,50,66,51,62,57,95,56,75
2,100,70,87,68,70,61,92,78
3,79,64,100,54,73,73,91,99
4,105,80,82,72,63,91,59,57
5,72,107,51,50,67,58,74,63
6,101,97,92,107,58,80,57,53
7,56,71,99,107,53,54,74,99
8,93,62,76,102,66,95,101,91
0,68,65,50,54,75,97,84,73
1,57,76,75,90,72,59,53,89
2,73,86,77,87,107,69,88,58
3,82,84,60,73,65,97,73,75
4,57,101,78,60,96,82,74,73
5,105,51,99,63,53,50,106,63
6,56,102,71,56,52,62,77,71
7,61,57,63,58,61,62,93,70
8,80,86,89,57,95,54,107,98
0,68,82,63,60,73,67,57,107
1,74,60,78,70,82,62,51,80
2,91,74,68,101,83,52,94,78
3,89,84,60,104,82,91,68,72
4,56,52,57,89,98,104,65,55
5,67,92,70,104,98,72,87,63
6,99,100,83,103,70,60,82,105
7,106,75,71,89,82,107,69,75
8,99,64,63,70,102,93,56,63
0,106,109,65,74,109,59,52,57
1,103,55,86,87,106,71,90,63
2,77,99,99,97,63,90,64,95
3,73,66,78,92,95,53,102,52
4,64,96,50,79,61,85,103,79
5,83,52,70,69,98,104,82,78
6,105,68,81,78,80,60,58,95
7,85,82,58,70,63,100,65,91
8,50,94,69,74,99,92,70,94
0,65,80,77,64,101,69,109,76
1,93,72,57,85,103,97,96,101
2,84,86,86,82,69,53,74,69
3,87,80,88,97,89,55,65,99
4,73,82,92,60,52,74,84,80
5,67,54,50,102,64,67,89,85
6,67,78,72,88,91,60,63,56
7,75,88,98,98,100,94,91,104
8,50,72,105,66,69,59,98,78
0,101,97,60,109,54,73,64,71
1,96,53,106,74,66,96,104,65
2,57,64,63,65,75,103,70,107
3,108,71,100,96,79,94,87,72
4,77,104,62,62,106,109,76,62
5,57,73,89,93,62,100,88,77
6,98,55,84,83,93,76,106,55
7,59,102,75,77,93,51,68,80
8,82,76,70,80,89,50,72,84
0,102,53,56,62,89,88,69,97
1,98,56,63,86,73,72,52,108
2,78,107,92,81,103,59,91,107
3,74,95,104,79,102,62,68,92
4,61,91,86,98,66,80,101,92
5,70,107,85,91,67,52,71,79
6,86,95,96,66,77,58,78,52
7,85,63,91,107,86,86,90,68
8,83,88,101,96,90,75,89,98
0,87,52,84,78,64,61,108,92
1,76,90,71,108,66,78,87,91
2,95,90,92,61,72,56,82,64
3,86,73,61,85,109,82,96,77
4,99,88,108,50,72,83,56,86
5,68,77,78,87,102,88,100,80
6,107,100,96,57,71,66,89,79
7,61,109,108,64,90,80,58,90
8,98,80,73,52,78,50,89,62
0,67,108,83,60,78,91,61,55
1,67,55,107,92,72,102,107,106
2,64,73,108,103,67,60,58,98
3,103,69,62,75,63,66,54,74
4,104,77,100,54,53,108,62,52
5,62,82,82,65,86,108,60,62
6,68,80,109,55,66,81,82,93
7,94,81,93,85,94,74,65,71
8,69,63,83,54,89,53,84,84
0,92,64,68,88,88,108,98,108
1,67,55,108,88,77,103,58,90
2,55,55,57,64,87,91,64,83
3,77,101,63,80,93,96,59,53
4,53,53,104,83,85,66,78,87
5,50,87,79,68,64,89,56,78
6,102,60,82,96,109,79,68,86
7,79,106,89,78,104,79,105,89
8,76,77,92,62,67,57,77,57
0,69,106,101,82,62,88,101,82
1,80,72,55,77,81,91,72,62
2,102,95,72,88,68,79,79,68
3,102,108,81,99,84,69,107,79
4,95,93,101,72,65,57,98,78
5,69,77,93,69,65,56,74,108
6,72,61,87,51,79,65,101,84
7,72,95,101,92,72,95,89,68
8,90,94,66,67,93,74,88,50
0,98,83,68,105,57,102,64,86
1,76,82,51,98,74,103,72,84
2,80,71,54,53,98,104,68,83
3,61,61,107,102,62,54,95,50
4,75,90,57,57,104,83,108,57
5,84,54,55,104,89,100,62,95
6,82,71,100,78,57,78,97,75
7,91,105,83,51,63,102,88,71
8,77,88,70,83,51,81,103,99
0,100,88,78,61,100,85,81,101
1,52,53,82,60,82,83,55,50
2,87,96,58,93,94,74,66,82
3,82,91,74,71,107,77,96,85
4,54,82,107,95,74,88,101,92
5,107,75,82,90,83,104,56,51
6,101,81,57,109,63,53,78,65
7,79,52,97,69,82,108,68,90
8,108,84,80,107,82,99,96,69
0,91,70,106,90,106,96,100,106
1,104,54,59,50,76,71,109,60
2,71,104,83,105,88,87,93,89
3,83,81,91,57,55,56,73,72
4,92,89,81,87,88,106,73,78
5,86,52,60,70,50,66,80,53
6,64,94,109,103,107,98,101,104
7,55,99,60,93,96,77,83,58
8,54,89,82,97,83,57,83,64
0,63,93,71,86,62,108,103,104
1,76,68,87,108,85,62,91,85
2,75,87,51,94,91,93,105,105
3,50,65,78,90,56,99,100,82
4,76,70,102,88,51,66,107,102
5,75,69,80,50,92,97,71,83
6,51,75,88,108,62,98,68,63
7,63,74,94,76,69,89,84,65
8,87,88,82,86,84,101,96,51
0,82,80,87,57,98,100,100,108
1,82,93,91,55,51,83,104,101
2,80,68,99,67,68,81,57,71
3,68,96,94,77,59,54,63,73
4,81,101,109,87,50,68,81,51
5,70,64,91,54,104,75,69,77
6,108,106,78,58,105,95,62,96
7,99,61,58,60,73,74,75,68
8,68,55,97,92,96,71,101,103
0,59,92,63,68,73,95,81,102
1,83,104,64,107,97,90,99,58
2,51,72,52,72,51,58,101,57
3,98,73,63,98,50,92,89,53
4,107,93,103,93,60,84,103,83
5,61,109,52,60,77,55,76,53
6,81,61,53,104,51,63,109,106
7,67,58,88,54,56,62,59,55
8,65,70,109,81,76,57,93,52
0,82,96,61,68,94,50,87,97
1,59,76,70,65,51,102,55,52
2,75,78,69,93,67,55,95,65
3,60,79,67,67,96,57,67,100
4,72,50,57,79,105,78,102,85
5,93,84,105,90,55,100,78,102
6,91,84,84,69,63,87,75,104
7,54,93,61,79,62,75,82,100
8,90,101,92,73,101,75,93,100
0,101,90,74,81,78,50,100,72
1,108,74,101,72,60,93,81,102
2,59,89,56,80,53,68,62,59
3,60,77,51,71,103,92,56,59
4,86,104,73,109,58,103,73,68
5,92,71,53,64,70,93,71,59
6,92,52,70,93,66,108,63,92
7,85,61,78,92,71,84,94,92
8,104,78,68,58,80,50,63,68
0,88,102,61,106,102,69,62,54
1,95,75,90,85,55,81,109,79
2,52,109,82,57,107,79,58,77
3,83,79,54,88,83,104,59,53
4,64,70,85,105,101,78,95,78
5,106,108,101,54,65,61,81,86
6,62,102,108,88,69,66,97,86
7,60,56,76,86,107,80,85,50
8,88,68,81,91,100,81,107,98
0,92,99,100,102,72,50,56,95
1,82,77,50,76,100,104,70,108
2,76,51,87,63,90,68,68,88
3,109,103,99,100,105,88,73,54
4,55,73,52,69,105,86,67,71
5,63,92,106,101,76,99,82,58
6,58,70,96,54,68,104,106,71
7,89,79,105,60,75,73,80,76
8,63,61,92,60,74,74,97,107
0,54,93,77,107,63,56,52,53
1,79,92,54,78,85,87,68,88
2,63,96,64,91,56,77,66,70
3,73,85,57,56,71,50,100,76
4,59,91,78,53,100,71,97,83
5,57,107,58,89,101,83,89,85
6,57,109,91,77,101,90,108,57
7,86,95,80,59,97,74,96,107
8,108,71,104,50,69,69,71,77
0,72,55,100,73,69,80,102,54
1,57,102,96,101,84,52,50,77
2,86,90,81,105,50,93,93,87
3,76,50,54,56,74,73,77,96
4,80,91,102,54,75,79,93,100
5,53,100,109,52,84,71,93,106
6,68,62,74,87,55,50,108,50
7,50,63,71,87,84,64,95,67
8,76,75,72,108,98,70,100,58
0,98,60,73,82,90,51,62,90
1,70,71,71,96,81,76,84,96
2,96,96,106,108,100,99,76,68
3,55,64,87,65,98,86,106,69
4,64,93,75,53,67,69,104,87
5,50,107,66,53,103,66,103,63
6,95,74,108,50,69,57,103,54
7,92,54,57,69,55,65,94,83
8,103,82,73,56,52,90,55,71
0,53,61,65,53,56,97,61,96
1,66,54,69,105,90,87,100,103
2,99,108,55,65,94,72,108,60
3,94,60,56,82,90,100,58,52
4,81,58,107,74,80,83,97,80
5,102,77,61,86,56,79,99,85
6,102,105,56,90,57,104,61,76
7,105,81,68,96,81,104,63,62
8,56,81,76,64,107,63,69,73
0,70,51,76,70,104,52,69,73
1,87,66,105,85,57,66,54,102
2,65,93,65,68,70,97,70,85
3,104,108,59,82,105,109,74,95
4,57,75,59,60,86,89,107,70
5,68,61,78,84,90,71,69,55
6,60,98,53,87,108,109,86,83
7,71,98,62,69,56,71,90,64
8,91,51,64,54,88,77,103,66
0,90,80,62,75,63,107,101,64
1,53,98,104,59,72,83,84,106
2,66,64,81,104,69,92,81,59
3,77,101,64,103,100,90,89,76
4,93,61,59,58,81,101,108,65
5,98,87,53,75,109,50,98,78
6,54,109,109,69,63,86,96,95
7,54,55,52,59,93,73,92,69
8,59,64,54,58,90,83,62,68
0,104,85,69,103,89,81,93,59
1,56,79,82,88,88,71,80,72
2,70,69,61,70,92,82,81,68
3,78,75,86,92,67,81,71,60
4,65,89,74,104,76,86,57,86
5,69,109,95,62,106,69,94,69
6,70,86,91,80,104,101,96,61
7,103,81,60,77,54,60,70,85
8,73,106,58,63,50,104,88,74
0,97,97,55,96,60,57,100,79
1,107,67,96,87,73,94,73,59
2,103,53,100,99,102,102,98,101
3,56,79,51,74,72,74,98,84
4,72,99,89,68,60,96,74,67
5,57,77,102,72,64,52,100,66
6,93,65,61,63,63,80,88,50
7,57,76,78,62,80,74,104,66
8,59,102,106,103,89,89,68,50
0,64,54,108,100,85,103,109,93
1,97,100,97,73,99,80,104,60
2,51,53,94,61,104,102,106,90
3,104,64,97,88,85,83,63,96
4,55,108,64,63,51,78,97,62
5,63,90,55,72,91,56,99,65
6,97,98,80,96,85,78,82,68
7,79,57,53,50,100,97,55,90
8,85,95,101,65,99,58,53,51
0,103,84,84,71,88,52,95,108
1,67,83,78,58,91,94,55,94
2,59,91,100,59,63,57,82,65
3,52,91,63,62,107,98,77,63
4,91,61,51,82,77,109,59,94
5,86,57,104,61,75,102,86,66
6,108,62,90,73,82,51,65,61
7,59,67,72,51,55,86,62,109
8,94,106,78,87,79,106,102,106
0,53,103,91,67,62,103,102,68
1,79,69,107,83,107,74,59,65
2,82,56,68,105,84,88,59,88
3,101,57,72,85,65,104,77,73
4,105,76,61,102,80,83,59,94
5,66,73,50,108,57,67,50,62
6,70,88,87,62,87,87,101,102
7,69,93,73,63,86,63,93,104
8,76,77,96,54,54,84,81,108
0,75,109,96,91,82,68,92,104
1,73,89,57,86,97,89,56,66
2,99,99,60,75,99,97,61,64
3,93,103,108,79,91,73,83,74
4,96,75,95,80,80,72,95,75
5,82,87,56,72,79,69,81,73
6,83,103,92,92,65,92,108,69
7,101,95,72,104,65,64,85,56
8,102,51,58,68,61,94,64,66
0,78,89,56,109,90,97,76,59
1,62,50,84,76,93,68,88,77
2,99,106,58,68,74,89,94,55
3,105,95,52,74,97,107,89,95
4,65,87,101,59,87,58,55,65
5,106,52,87,72,91,61,92,68
6,56,93,63,57,84,90,102,74
7,99,97,56,82,52,62,108,72
8,82,94,98,96,95,105,82,96
0,87,93,62,58,59,61,55,65
1,50,66,51,62,57,95,56,75
2,100,70,87,68,70,61,92,78
3,79,64,100,54,73,73,91,99
4,105,80,82,72,63,91,59,57
5,72,107,51,50,67,58,74,63
6,101,97,92,107,58,80,57,53
7,56,71,99,107,53,54,74,99
8,93,62,76,102,66,95,101,91
0,68,65,50,54,75,97,84,73
1,57,76,75,90,72,59,53,89
2,73,86,77,87,107,69,88,58
3,82,84,60,73,65,97,73,75
4,57,101,78,60,96,82,74,73
5,105,51,99,63,53,50,106,63
6,56,102,71,56,52,62,77,71
7,61,57,63,58,61,62,93,70
8,80,86,89,57,95,54,107,98
0,68,82,63,60,73,67,57,107
1,74,60,78,70,82,62,51,80
2,91,74,68,101,83,52,94,78
3,89,84,60,104,82,91,68,72
4,56,52,57,89,98,104,65,55
5,67,92,70,104,98,72,87,63
6,99,100,83,103,70,60,82,105
7,106,75,71,89,82,107,69,75
8,99,64,63,70,102,93,56,63
0,106,109,65,74,109,59,52,57
1,103,55,86,87,106,71,90,63
2,77,99,99,97,63,90,64,95
3,73,66,78,92,95,53,102,52
4,64,96,50,79,61,85,103,79
5,83,52,70,69,98,104,82,78
6,105,68,81,78,80,60,58,95
7,85,82,58,70,63,100,65,91
8,50,94,69,74,99,92,70,94
0,65,80,77,64,101,69,109,76
1,93,72,57,85,103,97,96,101
2,84,86,86,82,69,53,74,69
3,87,80,88,97,89,55,65,99
4,73,82,92,60,52,74,84,80
5,67,54,50,102,64,67,89,85
6,67,78,72,88,91,60,63,56
7,75,88,98,98,100,94,91,104
8,50,72,105,66,69,59,98,78
0,101,97,60,109,54,73,64,71
1,96,53,106,74,66,96,104,65
2,57,64,63,65,75,103,70,107
3,108,71,100,96,79,94,87,72
4,77,104,62,62,106,109,76,62
5,57,73,89,93,62,100,88,77
6,98,55,84,83,93,76,106,55
7,59,102,75,77,93,51,68,80
8,82,76,70,80,89,50,72,84
0,102,53,56,62,89,88,69,97
1,98,56,63,86,73,72,52,108
2,78,107,92,81,103,59,91,107
3,74,95,104,79,102,62,68,92
4,61,91,86,98,66,80,101,92
5,70,107,85,91,67,52,71,79
6,86,95,96,66,77,58,78,52
7,85,63,91,107,86,86,90,68
8,83,88,101,96,90,75,89,98
0,87,52,84,78,64,61,108,92
1,76,90,71,108,66,78,87,91
2,95,90,92,61,72,56,82,64
3,86,73,61,85,109,82,96,77
4,99,88,108,50,72,83,56,86
5,68,77,78,87,102,88,100,80
6,107,100,96,57,71,66,89,79
7,61,109,108,64,90,80,58,90
8,98,80,73,52,78,50,89,62
0,67,108,83,60,78,91,61,55
1,67,55,107,92,72,102,107,106
2,64,73,108,103,67,60,58,98
3,103,69,62,75,63,66,54,74
4,104,77,100,54,53,108,62,52
5,62,82,82,65,86,108,60,62
6,68,80,109,55,66,81,82,93
7,94,81,93,85,94,74,65,71
8,69,63,83,54,89,53,84,84
0,92,64,68,88,88,108,98,108
1,67,55,108,88,77,103,58,90
2,55,55,57,64,87,91,64,83
3,77,101,63,80,93,96,59,53
4,53,53,104,83,85,66,78,87
5,50,87,79,68,64,89,56,78
6,102,60,82,96,109,79,68,86
7,79,106,89,78,104,79,105,89
8,76,77,92,62,67,57,77,57
0,69,106,101,82,62,88,101,82
1,80,72,55,77,81,91,72,62
2,102,95,72,88,68,79,79,68
3,102,108,81,99,120,240,120,79
4,95,93,101,72,65,57,98,78
5,69,77,93,69,65,56,74,108
6,72,61,87,51,79,65,101,84
7,72,95,101,92,72,95,89,68
8,90,94,66,67,93,74,88,50
0,98,83,68,105,57,102,64,86
1,76,82,51,98,74,103,72,84
2,80,71,54,53,98,104,68,83
3,61,61,107,102,120,240,120,50
4,75,90,57,57,104,83,108,57
5,84,54,55,104,89,100,62,95
6,82,71,100,78,57,78,97,75
7,91,105,83,51,63,102,88,71
8,77,88,70,83,51,81,103,99
0,100,88,78,61,100,85,81,101
1,52,53,82,60,82,83,55,50
2,87,96,58,93,94,74,66,82
3,82,91,74,71,120,240,120,85
4,54,82,107,95,74,88,101,92
5,107,75,82,90,83,104,56,51
6,101,81,57,109,63,53,78,65
7,79,52,97,69,82,108,68,90
8,108,84,80,107,82,99,96,69
0,91,70,106,90,106,96,100,106
1,104,54,59,50,76,71,109,60
2,71,104,83,105,88,87,93,89
3,83,81,91,57,120,240,120,72
4,92,89,81,87,88,106,73,78
5,86,52,60,70,50,66,80,53
6,64,94,109,103,107,98,101,104
7,55,99,60,93,96,77,83,58
8,54,89,82,97,83,57,83,64
0,63,93,71,86,62,108,103,104
1,76,68,87,108,85,62,91,85
2,75,87,51,94,91,93,105,105
3,50,65,78,90,120,240,120,82
4,76,70,102,88,51,66,107,102
5,75,69,80,50,92,97,71,83
6,51,75,88,108,62,98,68,63
7,63,74,94,76,69,89,84,65
8,87,88,82,86,84,101,96,51
0,82,80,87,57,98,100,100,108
1,82,93,91,55,51,83,104,101
2,80,68,99,67,68,81,57,71
3,68,96,94,77,120,240,120,73
4,81,101,109,87,50,68,81,51
5,70,64,91,54,104,75,69,77
6,108,106,78,58,105,95,62,96
7,99,61,58,60,73,74,75,68
8,68,55,97,92,96,71,101,103
0,59,92,63,68,73,95,81,102
1,83,104,64,107,97,90,99,58
2,51,72,52,72,51,58,101,57
3,98,73,63,98,120,240,120,53
4,107,93,103,93,60,84,103,83
5,61,109,52,60,77,55,76,53
6,81,61,53,104,51,63,109,106
7,67,58,88,54,56,62,59,55
8,65,70,109,81,76,57,93,52
0,82,96,61,68,94,50,87,97
1,59,76,70,65,51,102,55,52
2,75,78,69,93,67,55,95,65
3,60,79,67,67,120,240,120,100
4,72,50,57,79,105,78,102,85
5,93,84,105,90,55,100,78,102
6,91,84,84,69,63,87,75,104
7,54,93,61,79,62,75,82,100
8,90,101,92,73,101,75,93,100
0,101,90,74,81,78,50,100,72
1,108,74,101,72,60,93,81,102
2,59,89,56,80,53,68,62,59
3,60,77,51,71,120,240,120,59
4,86,104,73,109,58,103,73,68
5,92,71,53,64,70,93,71,59
6,92,52,70,93,66,108,63,92
7,85,61,78,92,71,84,94,92
8,104,78,68,58,80,50,63,68
0,88,102,61,106,102,69,62,54
1,95,75,90,85,55,81,109,79
2,52,109,82,57,107,79,58,77
3,83,79,54,88,120,240,120,53
4,64,70,85,105,101,78,95,78
5,106,108,101,54,65,61,81,86
6,62,102,108,88,69,66,97,86
7,60,56,76,86,107,80,85,50
8,88,68,81,91,100,81,107,98
0,92,99,100,102,72,50,56,95
1,82,77,50,76,100,104,70,108
2,76,51,87,63,90,68,68,88
3,109,103,99,100,120,240,120,54
4,55,73,52,69,105,86,67,71
5,63,92,106,101,76,99,82,58
6,58,70,96,54,68,104,106,71
7,89,79,105,60,75,73,80,76
8,63,61,92,60,74,74,97,107
0,54,93,77,107,63,56,52,53
1,79,92,54,78,85,87,68,88
2,63,96,64,91,56,77,66,70
3,73,85,57,56,120,240,120,76
4,59,91,78,53,100,71,97,83
5,57,107,58,89,101,83,89,85
6,57,109,91,77,101,90,108,57
7,86,95,80,59,97,74,96,107
8,108,71,104,50,69,69,71,77
0,83,90,96,92,71,80,97,68
1,53,108,85,81,79,89,72,106
2,105,60,92,58,81,62,68,57
3,73,58,73,96,120,240,120,53
4,105,98,92,54,98,65,74,80
5,92,107,76,102,84,95,97,73
6,90,85,102,66,73,97,76,64
7,73,107,74,105,99,102,74,65
8,53,59,96,70,52,80,62,75
0,50,83,84,63,61,76,74,101
1,104,93,91,97,63,105,90,109
2,81,88,107,65,75,91,81,96
3,106,100,83,88,120,240,120,64
4,59,92,53,67,65,53,97,56
5,92,55,70,107,109,104,63,74
6,108,96,65,86,66,108,101,59
7,69,74,68,106,105,102,64,56
8,102,77,73,103,55,54,73,96
0,89,52,63,92,76,74,67,73
1,51,95,108,71,97,67,106,83
2,93,61,84,52,82,76,69,76
3,76,101,102,105,120,240,120,65
4,78,62,96,73,56,55,105,78
5,84,73,71,60,65,103,64,106
6,73,51,70,61,62,97,76,68
7,95,51,102,78,73,88,70,83
8,101,96,109,80,50,64,83,102
0,94,66,50,95,95,109,80,68
1,86,60,95,74,64,89,85,109
2,83,92,50,55,76,62,105,99
3,92,70,96,74,120,240,120,99
4,69,65,67,57,89,50,105,52
5,76,101,54,66,63,54,80,102
6,70,86,84,109,100,86,81,94
7,85,82,100,101,55,83,50,59
8,81,85,74,88,61,94,93,57
0,98,106,82,79,102,90,74,93
1,101,60,80,99,68,60,89,56
2,57,65,62,101,50,53,101,65
3,53,67,109,52,120,240,120,94
4,73,71,106,50,80,70,51,95
5,70,92,62,72,64,74,96,94
6,93,90,82,66,56,104,74,63
7,75,85,107,81,108,89,64,99
8,79,98,96,63,69,65,83,91
0,85,75,101,84,72,83,105,85
1,64,57,82,53,53,81,106,107
2,82,96,75,71,78,85,86,70
3,108,50,90,64,120,240,120,77
4,57,106,92,64,79,101,68,64
5,60,85,99,79,65,107,75,54
6,55,91,86,90,72,79,109,103
7,66,58,79,88,88,64,106,104
8,92,86,50,54,94,87,70,59
0,100,66,100,85,88,58,65,89
1,52,99,85,83,65,65,65,80
2,52,84,69,107,79,68,88,60
3,68,75,67,99,120,240,120,102
4,96,73,68,65,101,82,87,80
5,90,100,59,54,66,65,50,101
6,77,70,91,104,73,56,74,50
7,106,98,103,100,66,78,74,104
8,51,59,71,50,62,82,90,67
0,69,80,73,103,83,68,96,72
1,53,84,99,74,56,87,108,107
2,83,62,87,65,120,240,120,65
3,78,53,82,71,94,79,96,105
4,53,52,78,107,70,93,80,79
5,70,102,81,75,107,91,102,109
6,96,106,67,72,104,63,80,73
7,100,86,71,57,53,73,62,99
8,63,104,57,91,102,80,76,58
0,89,82,70,67,59,89,106,104
1,75,51,81,106,85,102,93,77
2,89,100,68,72,51,84,52,67
3,71,61,79,103,109,68,61,93
4,69,53,69,50,79,71,101,77
5,99,82,72,70,85,67,108,55
6,61,55,59,96,60,79,82,88
7,92,73,108,90,81,68,90,55
8,98,78,65,90,92,68,60,90
0,75,54,99,68,99,72,96,63
1,71,66,104,67,80,98,99,101
2,64,80,60,71,54,57,104,109
3,70,84,91,85,100,106,63,108
4,61,102,95,52,71,67,108,80
5,84,77,71,101,85,101,78,84
6,77,60,58,61,67,77,75,72
7,86,64,53,78,70,58,93,85
8,58,105,67,101,96,102,82,84
0,69,77,81,102,100,66,77,92
1,96,65,76,87,74,105,106,90
2,102,88,69,94,70,71,51,54
3,78,103,68,54,66,64,109,106
4,94,85,89,96,82,53,103,61
5,103,58,84,83,96,78,75,53
6,51,84,58,97,75,77,107,79
7,75,63,60,66,65,60,62,83
8,50,80,53,67,50,88,108,53
0,109,80,71,76,81,60,55,83
1,86,59,102,96,50,89,105,93
2,95,55,60,102,53,89,63,87
3,66,75,93,109,96,57,93,50
4,106,64,105,105,102,64,83,96
5,103,50,64,52,85,81,89,57
6,57,66,52,55,88,100,108,101
7,65,64,90,63,62,87,61,65
8,81,96,99,84,56,92,55,108
0,71,93,94,56,58,62,96,96
1,68,57,79,68,59,96,72,70
2,83,97,105,74,59,62,73,107
3,95,86,73,89,87,56,93,108
4,104,51,69,79,108,98,105,95
5,58,84,79,50,65,69,54,57
6,104,51,58,76,90,75,82,56
7,82,57,102,88,67,109,79,100
8,88,53,60,100,77,66,103,99
0,107,93,96,92,56,58,81,75
1,84,104,107,104,83,82,94,56
2,55,102,87,80,74,96,70,72
3,50,55,72,77,89,87,75,98
4,86,50,95,88,107,102,102,82
5,55,65,55,83,50,103,103,103
6,62,66,104,82,83,101,105,104
7,66,104,91,62,71,60,67,109
8,64,57,70,79,62,57,56,68
0,50,92,94,55,102,61,97,74
1,84,64,109,88,74,92,83,74
2,109,53,91,80,89,72,103,88
3,91,82,77,77,68,83,104,86
4,94,56,101,88,95,98,84,81
5,107,97,84,57,92,70,99,76
6,100,72,52,91,50,78,89,55
7,58,102,59,80,83,61,84,90
8,77,62,73,93,90,52,72,68
0,79,91,84,97,79,108,81,84
1,66,105,99,51,61,51,102,78
2,99,50,61,87,64,93,62,98
3,86,99,64,59,71,101,82,57
4,50,96,74,66,87,66,102,54
5,78,76,88,57,59,84,52,54
6,107,63,52,77,85,50,84,56
7,66,87,67,88,68,64,87,50
8,109,91,83,99,63,85,81,107
0,108,59,62,78,62,103,108,81
1,80,63,91,88,77,73,95,109
2,109,104,105,96,72,89,57,52
3,109,75,107,82,80,102,102,77
4,91,64,107,102,95,99,71,75
5,59,60,56,52,80,63,64,77
6,82,92,68,69,75,74,106,92
7,54,61,74,100,72,102,56,54
8,65,78,103,80,89,98,96,71
0,77,55,85,58,68,96,98,94
1,87,101,80,74,62,92,90,93
2,71,78,90,97,73,78,70,75
3,87,55,98,73,99,54,70,63
4,106,79,100,78,100,77,104,78
5,89,67,55,69,58,65,86,98
6,102,78,78,82,92,87,107,80
7,89,76,64,92,96,107,55,62
8,75,65,108,79,87,94,65,78
0,91,57,52,96,61,102,52,75
1,86,98,97,87,53,75,105,70
2,104,50,50,102,67,96,85,70
3,67,104,85,64,100,86,96,100
4,92,88,73,51,50,82,62,90
5,76,61,87,100,75,105,55,55
6,64,73,52,77,50,106,85,84
7,73,108,74,101,95,64,63,103
8,98,72,82,77,58,99,91,88
0,69,70,74,57,77,87,91,81
1,87,68,66,104,82,104,102,103
2,59,55,96,52,66,88,107,80
3,95,100,98,52,75,82,57,75
4,71,86,52,107,59,61,85,92
5,89,102,101,79,70,109,70,59
6,57,102,96,55,107,75,105,69
7,66,78,95,68,67,102,54,53
8,91,69,55,88,60,58,62,91
0,84,74,69,85,84,72,75,90
1,73,88,61,63,88,61,71,65
2,105,54,68,54,61,93,86,107
3,77,65,51,62,51,58,75,76
4,88,65,101,71,66,109,70,77
5,79,57,64,61,62,91,70,87
6,52,83,107,60,58,55,50,52
7,91,54,95,50,107,85,80,54
8,61,94,66,64,52,102,99,104
0,65,82,74,105,50,109,51,77
1,53,105,97,67,109,91,69,94
2,99,83,56,73,106,99,99,97
3,58,109,79,68,66,84,78,100
4,90,88,60,73,51,95,81,74
5,109,59,81,77,84,100,101,87
6,68,68,101,77,74,105,54,51
7,94,87,107,109,83,73,99,94
8,107,91,82,77,104,105,66,77
0,62,106,76,90,103,78,72,98
1,101,88,70,108,93,91,69,96
2,87,95,61,87,70,84,73,108
3,51,90,71,87,108,57,74,74
4,92,105,69,108,91,80,95,77
5,82,64,75,63,64,86,74,53
6,106,79,81,78,62,52,109,58
7,90,65,87,57,99,68,88,97
8,106,86,98,68,58,71,54,89
0,91,104,63,90,59,60,54,93
1,74,75,83,68,64,96,64,57
2,85,63,58,88,99,104,64,94
3,67,95,107,107,94,105,103,63
4,106,73,76,81,99,108,73,87
5,92,79,95,75,67,82,76,96
6,95,68,74,89,61,89,56,92
7,54,98,89,96,71,53,59,86
8,74,57,82,62,72,51,57,52
0,86,82,70,53,71,80,85,67
1,67,105,93,102,81,75,89,75
2,79,101,53,97,106,70,57,65
3,58,73,100,106,59,96,51,106
4,103,71,63,72,77,75,105,67
5,85,82,79,90,64,71,102,75
6,98,97,69,104,54,94,75,74
7,95,107,62,68,85,76,63,75
8,50,72,64,60,89,61,69,59
0,85,57,103,90,52,77,74,52
1,57,71,69,64,63,83,68,72
2,107,67,61,78,94,94,52,53
3,60,81,94,77,82,88,100,79
4,105,79,83,91,93,51,91,99
5,75,71,98,103,95,98,50,88
6,57,71,55,65,105,63,66,105
7,83,100,80,86,82,58,94,90
8,53,74,64,53,100,98,85,101
0,102,81,51,50,92,81,68,52
1,65,88,93,89,70,51,50,95
2,99,68,79,94,106,76,108,57
3,102,53,71,69,65,55,53,58
4,58,93,93,109,81,103,75,62
5,58,108,54,108,67,78,102,87
6,97,101,73,56,50,73,91,72
7,73,109,58,52,68,53,87,100
8,64,65,53,84,67,50,92,94
0,92,84,64,93,94,53,92,72
1,91,54,94,89,107,91,89,66
2,108,92,53,84,63,75,88,61
3,101,55,100,103,78,72,89,59
4,64,97,57,51,83,56,89,69
5,65,99,108,83,97,89,84,103
6,55,70,85,88,99,67,108,62
7,61,103,74,81,72,95,83,74
8,80,73,50,73,89,95,85,108
0,95,58,91,92,64,93,90,60
1,79,80,87,83,95,89,60,53
2,104,63,108,95,59,54,94,109
3,90,73,67,50,89,67,67,82
4,79,64,80,88,108,82,73,107
5,89,50,87,52,90,92,68,50
6,95,68,80,57,56,82,99,103
7,105,50,92,90,87,89,74,90
8,78,58,81,54,79,85,85,98
0,80,97,50,101,65,57,102,59
1,74,101,71,77,101,61,64,67
2,90,62,77,94,105,50,104,50
3,66,105,76,67,109,76,106,105
4,81,87,58,69,97,67,89,93
5,56,76,73,80,59,76,98,94
6,80,66,109,76,105,94,103,71
7,98,67,88,101,98,56,62,108
8,93,52,101,72,85,94,104,64
0,84,50,103,89,109,88,68,87
1,103,67,86,98,53,101,103,101
2,86,101,98,53,74,107,66,73
3,72,71,98,83,80,81,54,88
4,57,87,55,88,109,103,62,102
5,86,82,96,90,67,79,64,85
6,108,85,81,80,98,80,82,82
7,70,56,104,93,93,60,85,86
8,59,88,57,106,57,85,53,99
0,68,84,69,71,73,97,50,51
1,71,71,89,62,107,52,105,90
2,88,108,63,93,69,109,52,64
3,71,107,92,100,72,87,63,95
4,65,70,96,88,93,75,104,77
5,79,98,65,59,79,101,99,74
6,50,63,97,102,80,89,109,84
7,53,50,66,78,107,107,50,59
8,76,86,88,88,67,63,92,103
0,101,102,59,88,75,107,67,101
1,55,103,97,75,55,106,79,76
2,62,70,105,74,81,108,51,104
3,60,97,104,81,55,81,97,98
4,60,90,87,75,58,109,73,72
5,99,105,108,74,101,53,78,74
6,70,51,73,59,61,71,108,73
7,80,90,50,99,64,73,57,107
8,106,72,100,68,92,50,101,92
0,84,109,92,52,107,93,86,78
1,56,56,52,62,76,54,50,84
2,62,58,73,108,77,65,61,97
3,101,71,103,76,97,97,104,107
4,74,79,69,100,55,102,88,69
5,60,81,97,55,109,61,93,85
6,101,70,59,103,62,85,66,59
7,70,99,108,89,98,71,97,57
8,106,101,53,53,78,104,100,103
0,108,73,97,65,94,78,93,89
1,66,68,68,100,52,80,92,100
2,71,90,97,51,93,91,106,91
3,65,94,86,80,65,100,99,72
4,83,104,104,65,77,87,55,50
5,84,97,92,73,94,90,76,92
6,103,94,102,74,107,66,52,108
7,50,59,87,81,99,81,81,91
8,89,64,52,97,85,101,100,82
0,82,91,92,81,103,66,103,103
1,69,78,81,77,61,87,93,104
2,88,73,66,106,108,59,95,50
3,69,76,52,88,71,80,72,103
4,107,81,80,86,106,65,71,78
5,97,59,94,54,52,93,98,89
6,97,68,98,109,76,79,63,59
7,73,76,86,58,77,64,73,97
8,58,87,91,75,80,89,108,99
0,55,83,60,106,69,95,79,87
1,90,75,65,62,92,83,50,50
2,99,87,90,55,100,97,109,106
3,68,109,87,54,53,52,93,60
4,55,105,51,67,94,91,100,98
5,104,54,100,106,64,88,60,80
6,103,74,89,108,105,50,88,79
7,71,81,56,59,105,65,82,99
8,105,56,82,79,91,79,64,69
0,78,64,91,89,78,74,96,75
1,60,55,65,85,96,79,94,69
2,69,60,65,94,84,104,101,62
3,72,108,63,99,81,103,73,78
4,64,93,52,90,55,82,72,92
5,52,70,106,91,89,87,76,71
6,53,103,78,59,104,51,78,56
7,94,97,53,82,79,55,62,76
8,65,60,78,66,73,89,65,61
0,54,107,94,57,80,74,66,87
1,99,67,99,64,90,61,50,97
2,73,67,76,62,106,67,78,101
3,85,66,58,66,56,71,84,97
4,95,92,75,85,92,101,61,76
5,102,103,73,60,52,63,102,99
6,86,81,97,55,84,94,82,97
7,68,77,77,59,90,67,62,91
8,103,107,56,104,52,84,104,66
0,52,73,96,57,95,64,86,76
1,92,89,76,108,95,103,68,70
2,102,108,85,63,59,100,91,75
3,97,50,74,89,71,71,95,94
4,74,69,54,53,56,85,96,105
5,84,74,100,73,59,70,62,58
6,108,105,65,68,91,97,77,82
7,68,75,57,59,82,99,75,65
8,74,72,104,84,105,107,57,87
0,84,89,50,61,59,107,50,89
1,101,64,72,76,97,65,67,105
2,62,78,76,99,74,82,93,75
3,84,102,63,55,103,96,87,50
4,101,60,83,51,106,108,58,77
5,106,71,72,87,58,60,78,64
6,64,99,74,95,92,72,80,69
7,63,57,91,108,92,68,109,108
8,108,109,61,62,78,87,95,99
0,106,80,72,62,106,75,88,72
1,61,69,94,74,100,60,77,76
2,100,90,109,93,104,52,58,61
3,57,86,79,81,60,58,63,85
4,77,55,98,86,68,53,56,88
5,68,57,103,65,94,102,96,83
6,100,60,103,53,74,93,75,76
7,106,51,87,56,68,84,81,82
8,90,66,84,93,101,86,68,58
0,52,69,80,61,75,85,65,102
1,107,90,62,62,60,56,97,64
2,81,109,83,93,59,97,106,88
3,72,96,106,108,87,86,60,89
4,100,63,69,95,84,85,57,100
5,57,51,88,53,96,56,53,58
6,86,70,98,92,67,64,65,85
7,98,93,93,107,71,93,108,53
8,96,96,100,100,52,50,67,108
0,68,95,51,98,77,82,69,108
1,106,70,82,93,70,61,84,76
2,86,96,87,74,90,107,56,94
3,80,108,83,51,71,75,108,96
4,107,50,96,63,90,53,65,56
5,53,97,108,92,51,67,97,97
6,66,54,104,71,79,94,82,52
7,84,74,107,72,63,109,83,88
8,60,108,71,66,64,57,103,103
0,53,63,62,72,71,78,63,56
1,98,107,100,95,108,101,79,56
2,107,90,57,100,100,54,86,78
3,85,57,68,101,58,52,68,96
4,109,91,68,72,79,85,61,102
5,62,87,64,55,74,55,79,63
6,74,92,60,51,71,107,103,87
7,70,63,93,76,56,81,104,69
8,99,51,101,104,50,100,67,87
0,62,56,70,104,65,95,79,56
1,64,92,63,62,67,92,97,90
2,93,61,102,75,75,92,58,92
3,94,94,103,82,78,55,70,57
4,86,101,83,100,89,98,69,71
5,59,63,61,87,53,85,100,107
6,100,87,91,59,65,79,102,90
7,105,71,62,79,102,75,72,87
8,93,65,72,77,86,95,52,53
0,108,81,58,58,85,103,104,75
1,66,92,71,60,82,56,59,87
2,52,95,63,91,83,53,54,80
3,51,55,74,97,60,86,107,51
4,106,63,56,66,92,95,83,107
5,79,55,75,73,79,81,92,55
6,72,90,91,67,101,96,108,89
7,69,65,61,79,94,92,79,106
8,102,103,106,75,65,86,54,68
0,98,80,61,92,72,107,70,78
1,106,100,82,108,105,72,54,52
2,72,52,59,51,83,66,57,55
3,55,87,92,65,85,96,67,73
4,70,54,73,75,96,81,75,102
5,68,61,105,103,95,56,70,55
6,53,89,61,94,94,104,76,101
7,71,106,94,66,103,101,86,87
8,96,61,50,85,106,69,72,106
0,62,60,57,86,100,81,73,78
1,50,89,82,52,108,108,96,65
2,95,87,103,76,74,83,84,75
3,64,69,95,69,106,102,61,70
4,87,101,82,65,84,91,88,89
5,56,86,58,50,73,92,68,94
6,93,79,87,55,52,90,86,80
7,109,69,69,73,80,67,84,89
8,105,73,66,59,77,80,98,99
0,87,101,71,50,81,79,68,89
1,94,99,94,73,86,67,75,55
2,93,60,71,54,102,93,96,95
3,103,60,62,85,67,61,54,73
4,76,51,66,61,87,108,75,107
5,74,66,65,91,70,106,69,95
6,104,97,83,51,106,79,88,69
7,103,55,77,50,69,104,90,61
8,55,56,102,79,85,72,105,67
0,78,83,59,107,100,70,79,97
1,107,82,93,77,97,96,103,96
2,107,97,65,51,105,62,89,69
3,105,100,109,103,101,107,52,74
4,107,103,103,105,52,83,94,103
5,87,96,59,55,108,58,72,68
6,62,98,58,69,50,76,102,67
7,77,92,98,106,103,78,88,103
8,64,70,95,78,65,83,75,56
0,64,100,76,94,65,51,63,89
1,76,101,73,79,60,58,97,91
2,101,79,69,52,86,72,106,84
3,80,108,71,84,87,89,104,78
4,61,96,109,52,53,72,60,77
5,51,56,93,62,80,53,90,65
6,95,107,57,92,53,103,75,62
7,85,100,60,61,104,87,109,105
8,84,55,100,83,78,71,71,97
0,61,93,53,70,56,104,51,51
1,82,68,103,57,98,56,96,93
2,86,75,94,98,98,84,109,105
3,57,107,98,80,61,62,99,65
4,53,104,55,67,91,81,68,83
5,59,59,74,90,60,81,89,51
6,69,61,58,91,73,92,85,108
7,79,64,88,51,99,80,89,99
8,77,107,69,82,61,97,101,90
0,73,71,50,62,105,58,89,70
1,88,83,68,53,96,90,81,81
2,92,73,66,74,81,83,61,69
3,93,56,68,95,50,103,71,93
4,98,107,100,92,95,63,57,50
5,55,96,108,63,58,88,52,109
6,104,83,101,96,52,55,90,75
7,74,56,65,60,109,95,69,100
8,72,52,92,61,89,99,61,100
0,91,58,97,69,77,59,56,68
1,64,55,101,69,85,85,106,103
2,72,63,98,71,106,57,99,108
3,56,63,78,93,70,56,107,83
4,78,59,75,56,103,63,58,91
5,104,75,100,98,88,107,84,54
6,51,101,74,88,89,109,71,108
7,97,99,88,70,88,81,64,64
8,58,86,81,58,87,63,108,84
0,89,69,53,81,56,50,105,109
1,106,76,94,75,63,80,89,102
2,74,81,69,90,93,50,101,60
3,58,89,90,62,63,55,55,99
4,61,62,109,87,63,107,75,81
5,69,75,50,72,52,68,72,77
6,85,84,84,86,98,64,90,95
7,64,50,104,100,70,92,70,73
8,95,101,105,109,90,87,52,94
0,99,84,55,93,91,76,93,90
1,95,69,102,95,68,97,54,76
2,95,108,103,73,51,90,102,63
3,63,101,80,97,107,50,83,73
4,99,51,52,90,53,69,94,54
5,58,63,94,64,63,84,106,56
6,86,81,108,93,54,83,101,72
7,86,100,78,59,84,69,108,98
8,59,64,81,97,96,94,74,109
0,74,72,60,75,69,82,60,71
1,57,103,107,74,61,54,67,104
2,93,78,67,102,98,77,80,97
3,109,71,72,105,57,78,59,60
4,70,69,65,96,88,69,56,73
5,103,81,77,50,104,92,69,108
6,108,57,95,59,53,51,52,102
7,92,51,97,98,88,103,72,75
8,69,54,102,56,54,72,91,109
0,90,55,86,97,99,56,73,62
1,102,81,85,85,86,108,77,58
2,80,68,106,94,86,109,74,95
3,106,93,86,69,106,51,98,58
4,104,103,73,92,79,103,100,56
5,73,92,54,104,80,58,76,85
6,99,74,80,100,71,95,82,76
7,72,108,68,59,79,60,80,108
8,89,92,80,75,59,97,59,103
0,61,63,108,76,85,56,70,53
1,63,83,77,101,86,83,69,90
2,63,107,50,97,101,59,102,56
3,106,71,109,106,80,95,54,96
4,107,91,69,68,81,56,61,83
5,67,87,91,64,82,50,68,91
6,106,53,71,108,86,84,74,83
7,58,62,100,50,83,109,85,69
8,56,73,82,68,82,59,73,90
0,62,83,56,65,84,66,102,85
1,56,82,62,56,81,101,95,67
2,109,73,72,70,56,89,107,107
3,69,58,56,73,68,80,105,95
4,56,73,63,85,104,103,90,104
5,108,105,88,66,97,88,83,50
6,91,51,87,98,55,81,51,50
7,61,62,69,70,68,88,104,72
8,62,71,68,101,95,109,62,93
0,78,95,88,61,63,88,68,109
1,90,73,108,94,69,103,52,83
2,102,77,59,109,52,62,93,88
3,67,96,67,74,103,100,96,86
4,61,102,56,86,85,80,66,62
5,84,96,72,107,56,109,95,93
6,55,68,65,81,90,68,71,59
7,52,64,64,56,82,109,86,75
8,55,106,92,58,56,70,106,63
0,79,53,64,55,67,76,89,84
1,57,88,82,60,54,109,94,91
2,84,67,65,83,69,99,103,52
3,100,75,90,74,105,89,52,72
4,55,103,104,59,80,66,75,103
5,57,51,105,57,92,54,72,89
6,107,59,63,88,81,62,109,67
7,77,75,108,89,58,53,64,84
8,59,61,64,67,50,100,59,69
0,105,65,108,95,50,94,102,97
1,76,102,103,66,75,57,74,54
2,59,75,86,95,100,75,66,102
3,55,104,75,94,94,91,68,94
4,61,66,88,53,51,96,67,99
5,100,88,76,91,68,95,94,98
6,87,70,77,108,66,85,79,57
7,78,56,79,83,82,80,52,106
8,74,76,55,105,50,72,64,54
0,59,65,72,75,108,94,53,65
1,100,84,102,64,85,56,80,78
2,78,58,102,84,109,96,64,66
3,97,62,72,71,87,64,52,59
4,103,61,80,101,82,69,53,62
5,88,80,56,58,88,102,67,93
6,60,52,98,51,91,66,90,82
7,67,63,108,61,52,87,83,57
8,108,56,54,50,71,103,70,87
0,100,108,101,67,64,56,96,98
1,62,94,99,101,77,109,64,71
2,73,103,63,60,107,84,85,88
3,99,56,73,103,101,101,62,56
4,98,60,84,54,82,61,60,87
5,81,93,80,87,87,72,50,88
6,75,72,94,79,96,103,96,71
7,63,107,81,96,67,52,103,86
8,102,84,81,63,97,68,75,89
0,72,55,100,73,69,80,102,54
1,57,102,96,101,84,52,50,77
2,86,90,81,105,50,93,93,87
3,76,50,54,56,74,73,77,96
4,80,91,102,54,75,79,93,100
5,53,100,109,52,84,71,93,106
6,68,62,74,87,55,50,108,50
7,50,63,71,87,84,64,95,67
8,76,75,72,108,98,70,100,58
0,98,60,73,82,90,51,62,90
1,70,71,71,96,81,76,84,96
2,96,96,106,108,100,99,76,68
3,55,64,87,65,98,86,106,69
4,64,93,75,53,67,69,104,87
5,50,107,66,53,103,66,103,63
6,95,74,108,50,69,57,103,54
7,92,54,57,69,55,65,94,83
8,103,82,73,56,52,90,55,71
0,53,61,65,53,56,97,61,96
1,66,54,69,105,90,87,100,103
2,99,108,55,65,94,72,108,60
3,94,60,56,82,90,100,58,52
4,81,58,107,74,80,83,97,80
5,102,77,61,86,56,79,99,85
6,102,105,56,90,57,104,61,76
7,105,81,68,96,81,104,63,62
8,56,81,76,64,107,63,69,73
0,70,51,76,70,104,52,69,73
1,87,66,105,85,57,66,54,102
2,65,93,65,68,70,97,70,85
3,104,108,59,82,105,109,74,95
4,57,75,59,60,86,89,107,70
5,68,61,78,84,90,71,69,55
6,60,98,53,87,108,109,86,83
7,71,98,62,69,56,71,90,64
8,91,51,64,54,88,77,103,66
0,90,80,62,75,63,107,101,64
1,53,98,104,59,72,83,84,106
2,66,64,81,104,69,92,81,59
3,77,101,64,103,100,90,89,76
4,93,61,59,58,81,101,108,65
5,98,87,53,75,109,50,98,78
6,54,109,109,69,63,86,96,95
7,54,55,52,59,93,73,92,69
8,59,64,54,58,90,83,62,68
0,104,85,69,103,89,81,93,59
1,56,79,82,88,88,71,80,72
2,70,69,61,70,92,82,81,68
3,78,75,86,92,67,81,71,60
4,65,89,74,104,76,86,57,86
5,69,109,95,62,106,69,94,69
6,70,86,91,80,104,101,96,61
7,103,81,60,77,54,60,70,85
8,73,106,58,63,50,104,88,74
0,97,97,55,96,60,57,100,79
1,107,67,96,87,73,94,73,59
2,103,53,100,99,102,102,98,101
3,56,79,51,74,72,74,98,84
4,72,99,89,68,60,96,74,67
5,57,77,102,72,64,52,100,66
6,93,65,61,63,63,80,88,50
7,57,76,78,62,80,74,104,66
8,59,102,106,103,89,89,68,50
0,64,54,108,100,85,103,109,93
1,97,100,97,73,99,80,104,60
2,51,53,94,61,104,102,106,90
3,104,64,97,88,85,83,63,96
4,55,108,64,63,51,78,97,62
5,63,90,55,72,91,56,99,65
6,97,98,80,96,85,78,82,68
7,79,57,53,50,100,97,55,90
8,85,95,101,65,99,58,53,51
0,103,84,84,71,88,52,95,108
1,67,83,78,58,91,94,55,94
2,59,91,100,59,63,57,82,65
3,52,91,63,62,107,98,77,63
4,91,61,51,82,77,109,59,94
5,86,57,104,61,75,102,86,66
6,108,62,90,73,82,51,65,61
7,59,67,72,51,55,86,62,109
8,94,106,78,87,79,106,102,106
0,53,103,91,67,62,103,102,68
1,79,69,107,83,107,74,59,65
2,82,56,68,105,84,88,59,88
3,101,57,72,85,65,104,77,73
4,105,76,61,102,80,83,59,94
5,66,73,50,108,57,67,50,62
6,70,88,87,62,87,87,101,102
7,69,93,73,63,86,63,93,104
8,76,77,96,54,54,84,81,108
0,75,109,96,91,82,68,92,104
1,73,89,57,86,97,89,56,66
2,99,99,60,75,99,97,61,64
3,93,103,108,79,91,73,83,74
4,96,75,95,80,80,72,95,75
5,82,87,56,72,79,69,81,73
6,83,103,92,92,65,92,108,69
7,101,95,72,104,65,64,85,56
8,102,51,58,68,61,94,64,66
0,78,89,56,109,90,97,76,59
1,62,50,84,76,93,68,88,77
2,99,106,58,68,74,89,94,55
3,105,95,52,74,97,107,89,95
4,65,87,101,59,87,58,55,65
5,106,52,87,72,91,61,92,68
6,56,93,63,57,84,90,102,74
7,99,97,56,82,52,62,108,72
8,82,94,98,96,95,105,82,96
0,76,65,100,109,106,80,52,103
1,77,79,70,98,88,90,72,50
2,70,73,53,55,52,57,65,75
3,100,80,99,77,79,68,76,70
4,59,86,96,65,102,86,50,62
5,73,83,59,96,72,61,60,55
6,55,92,53,83,85,62,70,107
7,51,52,65,85,63,63,104,64
8,88,71,100,98,71,66,51,103
0,96,101,91,71,107,104,72,66
1,53,87,64,66,76,50,87,100
2,62,87,66,67,57,78,91,107
3,73,62,90,100,90,65,109,58
4,52,92,67,89,65,100,96,75
5,101,104,77,94,108,65,54,61
6,96,86,71,104,78,59,93,99
7,76,71,62,95,83,102,94,103
8,78,89,52,97,56,100,68,100
0,77,78,86,68,59,106,51,54
1,97,88,65,61,68,103,99,56
2,104,92,55,91,70,96,66,97
3,50,89,53,85,71,72,101,99
4,76,88,50,53,58,109,94,51
5,59,105,74,87,81,93,56,101
6,68,69,92,59,55,107,68,95
7,72,64,72,52,94,100,71,79
8,58,104,106,103,89,56,62,66
0,88,86,54,97,86,93,62,94
1,97,100,97,94,101,70,52,96
2,103,105,92,62,88,86,95,64
3,74,70,57,80,79,94,81,61
4,100,58,54,92,80,65,98,68
5,85,62,67,81,56,52,103,56
6,71,75,102,74,102,103,86,51
7,75,101,81,91,53,52,92,104
8,88,102,57,80,78,89,73,59
0,104,104,58,95,106,99,79,95
1,55,70,100,77,57,67,105,89
2,89,89,106,96,95,99,92,93
3,81,87,71,93,75,108,83,71
4,76,72,76,101,108,83,56,77
5,53,81,60,103,93,74,72,73
6,65,61,95,108,53,73,104,108
7,52,65,77,76,105,74,55,76
8,94,95,105,79,66,103,67,53
0,107,51,50,102,61,88,83,109
1,68,55,101,55,57,102,64,66
2,75,90,101,104,101,68,70,107
3,94,108,56,81,98,60,76,96
4,96,58,82,78,61,53,102,83
5,67,105,76,87,107,89,94,69
6,61,109,92,53,89,80,72,100
7,63,90,96,50,106,57,85,102
8,96,97,94,58,66,53,72,81
0,81,81,105,60,64,105,68,80
1,73,63,65,75,104,60,100,63
2,105,52,104,86,87,86,63,51
3,108,93,101,102,76,58,75,78
4,77,97,84,62,103,92,87,66
5,93,98,70,57,70,73,62,85
6,87,93,65,54,65,102,58,98
7,86,52,63,68,85,94,88,61
8,79,82,59,55,79,80,94,51
0,107,88,54,103,103,82,96,71
1,56,106,95,53,62,53,61,63
2,78,53,95,83,86,86,56,78
3,60,104,75,65,91,63,87,51
4,101,62,69,57,105,105,59,66
5,57,77,94,55,96,64,81,55
6,95,100,50,73,82,73,93,77
7,94,94,103,93,74,68,61,95
8,65,50,104,96,108,102,80,51
0,88,69,91,56,88,56,84,59
1,54,98,96,98,76,66,60,56
2,102,75,69,58,50,52,58,50
3,79,69,59,52,81,51,93,50
4,54,103,99,95,77,79,72,107
5,83,104,91,97,74,100,73,99
6,76,83,69,80,90,68,64,107
7,88,56,92,57,102,64,93,65
8,69,90,71,104,82,72,98,71
0,57,109,81,87,70,99,52,106
1,100,51,94,74,86,95,70,108
2,50,61,64,94,79,76,57,89
3,76,101,97,60,99,96,76,55
4,84,61,53,65,63,108,99,74
5,76,106,91,88,88,95,64,51
6,90,71,64,50,76,60,102,73
7,86,93,78,108,77,87,62,80
8,98,63,58,55,107,76,53,96
0,54,84,109,57,61,90,69,54
1,77,106,73,93,55,50,68,94
2,103,104,74,105,53,79,95,71
3,86,89,103,103,66,81,89,57
4,62,58,71,59,108,94,99,68
5,68,104,60,59,53,90,80,64
6,55,84,82,66,103,82,98,67
7,73,61,79,102,99,77,50,93
8,74,109,96,56,109,81,77,104
0,85,79,78,82,103,83,63,66
1,62,69,53,74,55,107,74,66
2,97,68,95,84,55,62,70,82
3,76,50,86,60,69,94,78,106
4,53,102,101,78,107,106,58,60
5,69,77,84,56,98,85,103,58
6,71,93,72,80,81,87,54,62
7,101,72,102,70,90,79,82,76
8,100,81,51,87,74,68,50,101
0,56,53,67,54,62,104,100,64
1,108,54,70,79,99,71,90,67
2,67,94,52,103,96,82,58,82
3,60,87,81,96,109,107,99,61
4,61,106,104,58,59,58,100,75
5,81,58,97,59,101,94,62,61
6,55,107,104,80,107,94,53,71
7,96,50,81,93,86,72,109,65
8,89,54,51,89,100,64,68,63
0,54,81,106,87,79,97,55,55
1,84,77,61,108,98,58,103,86
2,60,62,76,62,52,71,56,70
3,91,97,96,50,102,83,55,66
4,94,89,79,98,100,72,100,67
5,82,107,82,64,51,71,80,50
6,62,71,70,77,65,102,106,52
7,77,74,64,81,106,59,61,70
8,109,63,98,109,97,82,95,99
0,69,69,83,92,107,91,69,103
1,96,104,58,51,57,106,83,103
2,109,59,54,99,99,85,54,57
3,108,109,85,85,101,82,56,70
4,54,73,71,85,85,109,89,52
5,83,58,53,54,56,89,57,53
6,79,80,91,63,83,86,60,79
7,76,86,105,99,67,95,60,65
8,56,99,73,86,100,74,55,75
0,98,108,58,84,62,97,104,102
1,108,64,87,94,82,61,60,69
2,79,102,80,108,80,71,96,72
3,85,92,109,105,106,81,78,87
4,93,71,81,58,80,51,66,76
5,51,83,102,109,103,65,105,61
6,81,70,78,104,63,57,65,69
7,84,101,97,97,93,76,61,93
8,64,101,107,79,54,93,99,66
0,87,52,53,64,73,58,91,75
1,89,85,94,59,93,106,50,59
2,51,67,65,72,69,65,78,55
3,86,67,50,86,77,90,68,102
4,103,65,61,56,77,101,55,54
5,70,102,109,86,52,92,54,89
6,76,71,94,92,92,98,103,54
7,97,66,99,70,69,106,83,50
8,95,70,95,84,85,74,74,62
0,67,86,88,91,65,71,108,75
1,69,92,75,52,82,107,60,89
2,80,102,50,60,101,107,89,103
3,82,51,95,73,76,85,89,80
4,56,51,65,104,108,94,67,66
5,77,105,62,69,70,52,105,72
6,103,84,62,87,89,92,71,99
7,93,72,57,71,65,83,100,97
8,109,57,87,109,85,79,103,84
0,63,55,97,76,55,104,83,82
1,62,91,77,77,84,55,67,80
2,107,83,107,63,52,59,84,101
3,65,57,94,107,57,62,62,71
4,91,88,52,59,86,109,57,95
5,83,77,91,63,83,59,108,83
6,70,88,90,56,71,86,80,62
7,92,54,75,74,80,90,67,95
8,72,107,106,67,103,52,95,62
0,96,55,78,71,87,86,96,89
1,75,79,72,83,100,83,64,67
2,54,67,88,71,53,75,58,100
3,101,69,102,69,92,109,73,108
4,62,85,58,95,87,56,80,66
5,75,101,98,99,93,62,82,109
6,100,85,100,82,84,88,104,85
7,69,76,95,95,58,99,102,64
8,75,71,109,81,55,57,57,88
0,58,109,79,57,79,107,83,68
1,51,93,103,109,97,52,92,84
2,96,109,108,107,65,68,93,95
3,60,108,100,52,50,83,53,102
4,108,97,76,73,105,64,57,81
5,98,63,53,68,104,58,94,79
6,75,53,75,73,70,109,50,87
7,57,107,72,59,75,82,76,81
8,94,84,97,59,91,82,99,52
0,54,103,102,62,100,50,84,51
1,74,50,66,54,72,106,87,63
2,73,57,66,71,79,97,84,68
3,90,68,96,64,95,77,104,76
4,108,54,65,70,61,109,58,52
5,66,74,82,81,99,94,70,107
6,92,71,77,75,57,68,98,62
7,86,104,87,80,96,52,53,56
8,109,101,51,62,95,60,85,52
0,88,51,61,101,81,105,91,88
1,69,70,56,94,52,107,87,105
2,71,81,109,104,94,62,66,81
3,62,66,99,68,68,58,102,109
4,96,57,83,97,86,60,50,97
5,63,64,96,51,85,107,68,51
6,56,98,107,61,72,67,108,80
7,87,85,77,93,80,67,108,93
8,57,96,85,103,56,107,68,94
0,90,67,97,90,60,58,107,108
1,70,53,79,103,107,94,75,58
2,98,75,78,95,60,103,73,68
3,82,66,99,68,104,80,73,77
4,86,65,86,85,98,64,51,63
5,80,103,53,70,81,70,71,90
6,54,54,106,71,76,93,97,87
7,54,101,83,90,94,80,81,106
8,106,84,70,64,77,68,62,62
0,74,104,98,97,93,85,57,69
1,96,69,65,108,80,105,99,103
2,63,80,78,52,61,78,93,79
3,76,65,97,84,78,59,95,102
4,74,58,74,96,73,50,73,66
5,64,75,93,56,61,86,91,71
6,51,70,90,84,73,71,57,64
7,68,53,90,59,94,75,106,108
8,98,73,55,95,102,79,63,100
0,84,61,89,77,87,63,95,75
1,68,51,87,54,70,108,99,80
2,69,88,100,82,74,61,91,61
3,58,55,72,93,87,86,83,61
4,104,89,79,83,107,64,86,63
5,82,67,58,85,68,87,82,86
6,62,93,65,107,69,73,71,81
7,69,81,101,54,65,88,104,53
8,93,82,86,58,83,78,86,62
0,107,92,104,94,74,104,85,77
1,85,80,60,88,82,73,53,80
2,52,88,80,94,50,75,66,84
3,61,99,53,81,50,73,102,94
4,69,63,75,59,102,77,89,76
5,67,61,87,93,104,91,88,66
6,69,96,70,74,68,51,59,64
7,87,105,80,86,57,98,68,53
8,71,103,59,99,91,72,62,100
0,65,76,96,100,86,79,57,86
1,91,101,90,60,58,109,107,51
2,70,83,67,99,82,86,51,72
3,67,84,96,90,71,50,98,74
4,89,68,67,100,66,81,97,69
5,103,65,81,90,80,103,88,51
6,100,70,53,78,65,59,91,91
7,101,93,50,60,97,69,79,62
8,103,51,75,56,85,53,93,53
0,56,106,56,73,107,94,85,97
1,101,79,62,61,91,57,91,87
2,81,83,64,74,101,87,76,53
3,60,97,62,99,69,70,104,89
4,59,56,88,85,100,102,86,91
5,78,84,62,69,108,78,56,92
6,74,54,76,74,71,90,59,78
7,87,73,83,106,64,59,69,50
8,58,97,50,78,80,85,91,87
0,91,79,106,105,99,68,65,107
1,109,74,71,101,96,90,74,58
2,82,68,82,91,86,96,109,68
3,91,87,72,97,73,63,73,59
4,77,52,103,58,55,66,60,93
5,90,56,90,51,85,58,51,101
6,89,53,77,101,86,54,57,76
7,85,88,58,67,60,65,107,65
8,93,108,108,71,55,51,64,66
0,84,85,71,88,107,102,57,106
1,104,66,67,94,71,62,92,57
2,70,73,102,83,88,88,65,79
3,54,109,88,81,63,58,77,100
4,78,79,73,67,55,53,79,101
5,79,97,73,90,67,86,97,101
6,75,109,100,87,95,61,72,51
7,61,107,76,66,75,103,58,52
8,81,56,63,88,71,54,79,94
0,70,78,90,92,104,90,72,79
1,69,79,70,89,99,64,89,52
2,75,51,109,79,89,106,84,65
3,99,57,104,55,92,65,100,86
4,88,92,89,101,100,103,60,62
5,106,57,60,79,84,104,76,108
6,50,69,75,105,100,71,92,54
7,90,51,56,64,70,83,59,52
8,75,92,97,83,51,71,87,69
0,109,59,69,93,62,64,64,87
1,60,105,57,56,83,75,68,73
2,90,77,50,65,57,80,87,107
3,67,73,102,97,103,98,109,61
4,107,60,103,100,56,102,99,67
5,94,87,78,81,74,99,105,92
6,96,87,72,73,71,69,54,89
7,73,76,60,69,92,104,75,83
8,71,106,74,75,70,103,107,84
0,109,94,106,71,79,75,108,109
1,57,56,56,99,101,62,53,67
2,52,91,92,68,91,85,92,105
3,109,82,79,107,77,98,62,74
4,57,55,73,92,50,63,59,104
5,95,53,55,62,82,84,76,103
6,106,63,57,80,50,56,57,72
7,102,97,50,77,82,83,60,85
8,59,87,59,99,97,79,96,74
0,59,76,55,104,98,104,70,87
1,51,98,82,60,76,73,88,53
2,54,94,59,77,93,68,107,91
3,53,58,51,100,50,91,78,69
4,84,76,58,87,72,75,73,53
5,103,71,69,80,90,90,79,66
6,72,66,109,82,92,79,66,90
7,93,65,89,67,87,54,54,70
8,62,80,80,52,57,87,52,82
0,72,75,104,78,79,102,68,104
1,83,85,63,75,54,101,91,75
2,102,104,108,95,77,97,96,100
3,84,81,65,83,97,60,84,56
4,55,73,98,58,64,105,91,91
5,91,83,74,108,79,89,87,50
6,80,50,104,61,65,100,55,50
7,53,69,62,99,64,69,59,85
8,76,109,107,97,53,51,60,102
0,50,80,57,106,61,100,96,65
1,81,105,62,93,67,106,106,97
2,57,89,85,86,81,83,50,73
3,103,78,50,51,82,75,60,63
4,74,73,93,98,54,106,53,88
5,59,58,98,57,63,61,92,66
6,100,81,96,56,90,79,67,97
7,87,62,102,82,107,82,71,72
8,59,87,93,85,55,95,104,83
0,88,54,87,87,59,55,83,60
1,67,58,65,79,102,66,85,94
2,51,102,70,84,88,76,62,99
3,93,105,54,105,53,103,59,75
4,71,84,73,70,99,84,102,83
5,105,89,52,83,99,84,107,70
6,56,55,81,105,53,81,81,61
7,71,92,91,51,108,71,84,72
8,92,58,70,96,56,104,101,64
0,62,52,61,77,57,91,71,93
1,69,65,59,79,88,88,93,59
2,98,51,89,73,103,67,64,87
3,107,102,79,69,91,92,64,81
4,91,66,72,89,73,57,78,81
5,53,80,62,102,64,89,53,105
6,54,79,101,84,91,108,77,67
7,76,50,100,103,69,71,58,59
8,62,66,59,75,106,61,97,69
0,60,75,92,93,83,66,94,104
1,68,109,88,99,69,56,54,91
2,93,79,107,53,76,76,59,55
3,78,108,106,84,85,56,77,79
4,102,94,100,72,54,86,60,72
5,92,69,103,72,107,104,99,70
6,85,99,53,107,103,76,82,50
7,65,64,103,78,74,68,65,108
8,99,75,52,50,104,71,53,67
0,103,99,65,59,68,90,77,63
1,89,80,66,95,98,100,69,53
2,51,94,87,71,97,74,82,109
3,57,102,107,82,64,77,81,82
4,108,86,95,87,108,92,78,81
5,70,97,72,89,51,92,50,62
6,77,55,104,51,75,57,55,108
7,84,69,53,79,83,75,99,81
8,101,58,61,59,92,84,106,64
0,90,83,68,109,52,91,83,56
1,87,94,88,60,99,66,82,63
2,71,98,93,88,65,76,51,93
3,105,97,94,81,54,85,51,70
4,61,87,106,76,63,64,76,80
5,95,89,104,57,109,81,66,96
6,64,73,88,98,94,106,104,75
7,65,61,81,104,108,90,84,55
8,80,52,63,74,91,66,82,66
0,76,109,79,79,59,84,78,105
1,88,57,95,99,104,105,91,98
2,90,96,94,81,54,106,107,105
3,61,104,91,73,95,108,56,87
4,57,93,87,57,69,93,86,106
5,100,79,52,50,70,107,85,96
6,101,87,60,51,82,63,75,98
7,76,73,80,109,90,85,66,93
8,98,78,108,63,74,85,79,92
0,57,51,64,92,85,87,73,74
1,76,64,59,96,64,85,71,52
2,88,64,109,74,70,96,73,59
3,80,94,97,86,96,82,75,50
4,73,73,57,78,50,87,88,98
5,64,62,56,79,99,86,58,84
6,69,82,74,79,69,100,76,50
7,64,70,107,85,52,78,102,68
8,55,56,54,106,79,88,54,87
0,90,84,94,103,99,99,63,76
1,59,56,81,93,54,61,98,60
2,100,79,81,103,51,102,99,108
3,87,53,108,82,106,107,57,78
4,56,50,88,89,52,68,58,90
5,80,108,101,107,93,63,84,85
6,66,81,99,71,82,51,51,52
7,70,55,64,50,92,78,50,95
8,80,105,74,76,53,94,68,101
0,61,71,108,81,99,60,51,76
1,62,57,109,108,101,62,72,96
2,83,68,86,96,72,82,103,93
3,80,80,80,65,82,82,70,90
4,81,84,51,84,60,65,90,77
5,100,99,58,67,98,61,91,89
6,57,96,74,75,107,103,95,83
7,50,93,65,97,75,83,53,102
8,79,103,64,53,83,107,66,103
0,77,84,96,103,105,55,69,58
1,76,75,103,59,65,78,85,52
2,58,93,74,81,65,55,70,103
3,104,86,70,66,58,57,74,64
4,58,59,79,66,76,62,52,95
5,79,52,74,87,71,96,76,98
6,80,53,69,93,51,73,66,67
7,100,81,65,74,56,104,53,54
8,98,103,84,60,95,73,59,59
0,105,68,58,57,91,73,96,60
1,55,83,83,105,109,51,101,58
2,99,99,65,88,92,64,97,78
3,62,85,84,85,108,66,93,84
4,61,65,88,67,74,60,93,97
5,95,61,63,85,80,55,98,54
6,54,103,98,60,96,50,72,98
7,99,97,95,87,104,79,65,66
8,51,89,83,105,86,70,86,70
0,52,95,102,95,51,63,88,98
1,85,57,88,69,102,103,109,82
2,78,74,88,103,89,74,58,76
3,79,53,64,71,51,92,103,52
4,61,98,60,105,77,75,85,91
5,60,106,63,63,68,75,88,52
6,82,50,83,72,78,85,76,52
7,51,109,109,106,70,79,106,56
8,97,51,91,55,59,67,73,108
0,67,62,61,55,59,93,50,71
1,74,105,67,90,76,78,73,51
2,106,63,83,66,65,97,63,59
3,93,87,74,75,54,65,80,105
4,104,105,75,82,97,57,108,96
5,61,98,53,66,54,107,104,68
6,83,98,76,76,74,82,102,92
7,80,52,65,75,60,78,64,82
8,56,97,57,81,101,93,85,108
0,95,78,78,77,65,59,99,80
1,81,103,56,94,86,99,91,101
2,71,52,87,83,107,57,77,107
3,81,109,76,99,70,80,55,51
4,76,57,98,53,79,71,74,109
5,108,77,84,97,108,62,66,52
6,50,57,81,92,108,78,78,90
7,81,60,84,92,90,75,106,94
8,59,62,51,62,96,103,105,70
0,103,94,89,105,75,53,86,50
1,91,81,96,68,105,95,72,79
2,60,83,106,87,81,53,70,84
3,109,52,81,74,60,89,58,73
4,56,89,83,101,108,69,72,66
5,65,99,67,55,55,51,63,105
6,82,55,101,104,59,66,102,75
7,71,107,75,99,104,101,96,80
8,75,82,87,88,53,52,87,109
0,55,56,72,75,93,74,80,52
1,98,85,73,72,104,87,66,80
2,77,93,60,99,68,94,86,86
3,57,62,92,93,65,60,105,96
4,81,87,96,98,72,93,60,71
5,77,73,94,74,90,76,95,71
6,76,92,89,82,67,61,95,67
7,93,85,92,94,106,102,103,59
8,73,82,90,56,50,53,65,105
0,79,82,84,77,62,69,79,101
1,105,106,76,55,91,107,100,84
2,71,94,104,81,77,56,75,67
3,102,98,51,69,76,82,51,70
4,65,64,107,68,105,102,106,72
5,107,85,61,85,81,93,81,84
6,61,82,104,106,51,99,71,104
7,90,50,100,106,82,70,73,56
8,74,91,90,88,76,51,50,86
0,86,91,92,74,66,54,103,71
1,78,73,77,99,101,55,103,50
2,62,95,69,97,77,62,73,66
3,55,96,82,75,105,82,80,108
4,76,64,56,92,62,82,102,75
5,57,60,90,107,95,76,84,64
6,85,51,79,77,81,108,91,91
7,53,51,55,56,54,104,56,95
8,97,99,86,90,86,87,101,74
0,98,63,73,91,85,68,55,64
1,90,73,52,72,58,77,60,105
2,91,70,94,56,75,80,74,73
3,92,62,105,86,55,68,94,61
4,96,64,93,100,105,61,50,73
5,79,52,57,50,67,95,60,91
6,88,102,95,59,62,92,91,90
7,73,56,107,61,73,100,104,76
8,51,100,60,58,50,55,61,98
0,82,72,63,78,63,92,83,79
1,93,106,97,101,71,104,82,87
2,57,77,92,109,59,67,71,71
3,103,78,80,87,69,57,52,93
4,108,66,98,78,84,56,60,109
5,102,58,54,93,60,100,81,71
6,60,50,101,106,89,94,52,106
7,93,92,98,54,100,86,101,88
8,76,81,55,86,87,86,93,51
0,53,75,77,99,52,86,89,96
1,76,63,94,64,98,69,63,96
2,79,98,62,109,95,98,52,96
3,62,94,54,57,53,79,95,72
4,104,104,109,85,57,92,105,61
5,82,51,91,73,98,89,95,51
6,107,66,102,95,81,85,71,75
7,59,57,50,64,83,108,64,53
8,97,93,103,102,72,107,80,107
0,67,66,56,83,90,80,65,89
1,97,98,102,80,67,102,80,52
2,87,100,106,76,52,51,72,108
3,109,55,64,88,98,97,61,86
4,92,109,64,64,70,50,53,89
5,109,107,57,78,98,59,96,57
6,73,72,84,56,96,82,73,54
7,68,82,61,75,74,79,81,94
8,65,92,79,93,57,109,65,53
0,55,55,106,91,71,67,88,99
1,101,78,51,102,65,99,73,90
2,109,85,60,90,93,85,91,99
3,78,72,80,89,65,95,74,89
4,83,66,72,100,50,85,72,62
5,87,56,108,60,108,65,78,96
6,103,73,93,93,97,98,92,50
7,50,60,82,50,85,50,100,81
8,104,60,90,61,57,109,89,61
0,55,69,80,80,94,75,55,81
1,60,79,76,105,54,108,104,64
2,96,70,70,89,77,50,50,52
3,105,55,68,58,50,92,59,74
4,100,52,103,97,80,106,55,90
5,77,83,65,88,55,63,52,80
6,65,94,82,103,61,94,54,91
7,65,60,63,57,103,63,106,72
8,108,97,100,85,74,97,68,68
0,64,88,104,101,64,68,69,95
1,84,62,52,88,57,103,61,90
2,64,74,65,53,58,80,80,85
3,83,71,63,107,55,67,63,86
4,103,54,107,108,75,109,101,76
5,73,88,74,68,70,63,74,76
6,58,89,100,97,87,101,83,78
7,77,109,80,95,64,109,100,60
8,77,97,70,72,108,87,79,62
0,70,52,102,65,52,91,107,51
1,83,104,95,93,53,89,97,73
2,54,89,96,54,108,55,57,109
3,57,83,107,75,92,107,57,78
4,97,54,101,96,51,76,60,74
5,90,89,98,82,86,101,73,69
6,107,53,52,53,96,50,77,70
7,77,90,64,67,86,62,77,60
8,75,109,108,96,60,99,57,89
0,96,52,53,88,106,93,83,82
1,74,51,75,64,60,108,97,88
2,63,103,108,61,92,92,104,90
3,82,106,84,108,55,90,50,66
4,100,98,61,64,94,103,105,102
5,64,81,89,82,68,84,58,94
6,76,79,81,82,104,108,60,77
7,69,88,95,52,103,94,63,83
8,81,65,66,88,81,100,75,98
0,88,57,107,99,109,108,100,64
1,75,107,93,92,80,63,78,104
2,54,91,88,76,83,89,69,98
3,79,93,109,69,85,75,77,70
4,54,90,61,101,64,64,97,59
5,64,50,93,50,73,74,98,86
6,88,106,54,95,101,92,75,84
7,71,90,70,108,52,108,74,73
8,96,88,103,94,54,94,82,107
0,109,72,57,75,66,63,51,74
1,81,102,52,75,54,90,52,72
2,72,80,91,107,61,87,108,83
3,106,101,68,108,82,59,61,74
4,89,51,74,59,91,108,61,77
5,76,78,78,106,58,57,105,61
6,104,65,72,73,69,60,74,87
7,103,73,53,102,61,66,55,85
8,73,89,87,84,79,58,107,81
0,53,65,104,52,53,72,103,71
1,63,69,60,106,78,90,89,94
2,52,87,60,93,62,78,52,63
3,97,60,50,60,92,52,88,73
4,108,107,105,99,104,59,66,61
5,54,98,94,82,73,108,86,55
6,104,79,97,98,109,52,101,78
7,71,79,96,67,85,98,78,92
8,97,61,103,84,102,76,69,67
0,77,52,73,89,92,79,83,53
1,107,61,55,109,66,56,53,88
2,89,59,60,65,64,81,82,83
3,79,70,87,102,105,88,57,84
4,80,70,82,93,84,89,80,55
5,109,106,106,60,103,79,52,107
6,72,70,96,82,84,79,105,102
7,90,55,63,60,76,106,105,54
8,71,57,102,70,55,73,67,76
0,102,107,90,58,80,78,78,104
1,88,71,103,108,104,51,93,103
2,61,94,70,85,78,66,64,97
3,97,64,75,103,107,85,63,73
4,105,64,53,64,78,85,50,103
5,70,93,99,62,104,102,73,53
6,95,64,59,70,104,64,87,79
7,98,90,66,72,87,51,58,97
8,75,62,70,97,85,60,92,80
0,80,64,100,63,68,74,82,66
1,64,102,74,71,58,104,54,99
2,61,60,96,67,61,83,75,89
3,63,89,102,52,100,86,62,69
4,57,93,94,55,82,91,104,64
5,69,56,87,90,64,87,93,78
6,89,65,62,104,62,93,65,60
7,92,105,97,56,95,92,66,76
8,64,57,73,59,70,108,57,50
0,100,63,86,92,107,58,53,105
1,77,85,79,109,52,74,60,87
2,72,80,93,98,68,56,70,69
3,75,56,102,54,109,79,80,89
4,54,69,64,104,57,57,98,108
5,70,68,52,102,67,101,61,101
6,78,98,83,103,81,108,96,101
7,54,53,74,52,80,104,78,77
8,91,100,106,89,88,96,72,69
0,81,66,101,54,93,81,95,80
1,66,103,75,85,93,101,96,50
2,101,50,83,81,73,103,90,71
3,59,74,61,83,74,57,92,75
4,51,108,64,108,62,67,84,65
5,58,83,105,89,70,62,50,85
6,62,66,98,84,69,57,95,70
7,104,69,73,76,75,83,65,72
8,56,54,71,94,99,82,91,61
0,92,90,67,67,93,54,69,55
1,100,91,82,91,69,62,102,61
2,77,109,74,59,69,65,98,74
3,52,85,103,84,85,77,57,71
4,77,58,91,77,90,87,68,78
5,70,76,87,76,100,78,68,105
6,70,70,68,94,93,92,76,60
7,68,100,71,51,88,58,66,91
8,95,64,53,106,99,53,54,56
0,106,71,67,65,65,60,51,77
1,72,71,84,65,79,61,102,73
2,103,64,51,50,89,52,86,64
3,81,92,52,85,100,71,100,93
4,103,67,77,56,106,57,62,58
5,66,105,68,105,98,80,104,55
6,51,88,89,85,99,90,98,77
7,83,92,89,71,85,65,90,101
8,86,58,87,80,71,91,94,86
0,62,80,91,105,68,61,72,98
1,77,58,95,53,85,98,65,96
2,94,93,94,57,77,103,88,84
3,87,94,79,58,82,55,58,50
4,75,77,65,66,54,53,77,67
5,52,59,59,67,60,95,106,83
6,103,70,60,90,50,101,94,77
7,73,54,61,82,97,70,109,98
8,54,71,60,76,83,58,57,66
0,99,89,87,109,108,60,60,53
1,72,79,91,56,80,69,67,96
2,65,50,105,99,69,96,91,79
3,50,107,51,56,85,98,50,82
4,82,91,76,93,109,77,66,97
5,62,89,69,50,71,54,88,90
6,86,55,75,53,65,58,78,84
7,51,89,81,69,75,107,69,72
8,84,61,82,99,79,107,82,80
0,56,104,73,108,70,73,75,53
1,98,108,81,108,74,88,58,100
2,66,57,52,69,93,93,82,75
3,59,53,60,82,51,83,61,81
4,81,64,85,103,99,92,64,98
5,88,73,73,62,54,80,50,75
6,88,87,92,102,105,80,91,61
7,77,104,67,50,95,82,103,64
8,66,105,82,68,108,93,85,78
0,86,80,87,96,72,57,86,104
1,81,95,97,74,77,60,89,66
2,106,103,78,90,88,79,80,55
3,52,89,91,82,108,73,81,66
4,64,97,104,66,86,91,76,73
5,102,94,54,77,100,79,64,65
6,99,70,80,71,88,68,99,107
7,89,99,69,73,59,54,71,60
8,109,79,53,105,76,58,100,60
0,54,69,103,80,76,97,109,54
1,96,78,50,73,81,67,100,78
2,58,92,64,88,93,101,84,95
3,95,96,96,55,103,73,72,83
4,107,109,97,93,58,81,89,81
5,106,106,87,88,90,85,90,79
6,62,61,107,77,68,94,52,68
7,72,62,55,89,74,69,62,74
8,93,102,103,53,83,60,84,73
0,94,103,50,78,56,53,109,105
1,55,104,59,63,72,55,94,88
2,98,105,57,87,67,87,56,78
3,96,107,100,103,63,104,99,62
4,89,78,98,106,64,66,109,78
5,68,67,101,86,57,97,70,75
6,68,102,79,62,77,88,109,50
7,57,67,52,58,107,108,61,106
8,96,58,67,86,73,57,100,107
0,102,87,57,58,53,84,108,85
1,108,96,68,104,50,51,61,73
2,91,84,85,71,94,69,96,103
3,86,104,98,57,88,67,94,71
4,94,74,57,60,51,65,90,55
5,65,90,59,78,57,56,100,75
6,66,50,92,78,64,84,92,93
7,90,73,72,100,101,76,77,60
8,98,109,83,101,52,87,89,86
0,96,103,89,79,87,51,82,86
1,99,86,105,82,74,98,69,60
2,82,69,88,50,69,104,77,109
3,58,108,78,99,85,63,52,90
4,58,55,57,51,106,63,88,75
5,101,82,98,62,99,74,54,67
6,61,53,95,67,93,80,63,70
7,83,93,63,89,60,98,70,97
8,95,73,101,61,73,102,62,66
0,62,100,72,58,56,73,99,101
1,78,83,66,59,101,98,50,75
2,109,96,58,92,68,104,57,63
3,101,75,96,106,85,54,92,70
4,106,85,85,64,50,54,69,70
5,50,58,86,74,57,94,64,86
6,100,102,109,106,58,57,101,73
7,76,62,86,97,70,103,52,53
8,79,66,66,55,98,56,105,93
0,56,102,103,103,108,51,89,96
1,95,78,50,72,65,108,107,73
2,51,98,59,106,63,57,58,105
3,64,87,56,77,57,82,58,53
4,55,97,51,80,93,61,58,78
5,76,74,80,86,63,100,92,79
6,96,51,94,73,103,60,61,56
7,62,90,53,69,91,108,55,86
8,95,81,60,92,69,90,50,83
0,102,64,50,72,83,54,102,76
1,71,98,65,90,104,105,106,53
2,87,62,97,95,93,82,95,82
3,74,94,81,72,98,69,75,98
4,69,74,75,98,93,84,59,97
5,79,89,59,86,91,105,74,61
6,96,52,62,59,62,84,90,90
7,58,94,50,63,100,75,83,96
8,68,63,83,68,86,60,79,78
0,86,64,55,106,85,81,80,79
1,108,86,50,85,57,54,86,89
2,66,88,82,73,107,79,100,103
3,104,59,96,67,55,70,78,55
4,70,83,78,90,68,59,94,107
5,82,59,51,68,70,106,69,73
6,101,50,88,108,86,70,59,68
7,93,94,54,69,107,89,71,104
8,79,84,80,63,82,105,99,76
0,90,51,53,58,70,82,60,73
1,52,50,89,104,67,55,53,86
2,66,57,87,80,72,104,93,107
3,103,83,72,90,109,90,84,109
4,100,52,61,75,96,107,90,88
5,87,92,105,109,66,82,77,107
6,91,69,90,89,86,68,55,109
7,62,83,81,66,71,54,58,84
8,62,88,86,83,78,65,102,90
0,102,80,55,101,58,52,92,51
1,77,57,75,106,75,86,68,76
2,108,106,106,67,77,98,99,58
3,67,77,64,51,83,88,67,66
4,79,58,76,105,96,90,65,51
5,101,81,50,68,103,56,73,77
6,52,93,73,72,103,82,71,92
7,108,85,97,79,71,92,77,54
8,57,53,79,102,75,50,78,86
0,85,63,86,73,104,98,70,86
1,106,108,68,90,69,78,78,101
2,101,66,57,52,78,106,70,93
3,76,60,99,79,108,100,104,82
4,53,91,90,108,87,87,74,96
5,106,94,86,87,78,108,86,54
6,52,58,105,93,102,103,80,67
7,79,78,54,60,109,99,104,95
8,53,100,70,74,72,100,50,56
0,52,68,87,75,65,81,68,104
1,74,78,53,87,105,68,89,65
2,80,51,86,99,78,58,73,106
3,61,88,97,50,62,88,73,52
4,70,106,106,90,102,96,92,109
5,78,67,71,87,80,89,74,80
6,56,101,67,83,87,72,72,60
7,60,70,52,94,93,86,53,90
8,86,71,92,53,92,53,107,66
0,79,80,94,61,65,92,64,98
1,52,62,88,68,69,87,87,85
2,107,106,62,81,58,100,59,105
3,84,56,106,97,58,68,80,105
4,53,54,89,57,107,60,74,91
5,107,106,88,54,87,68,67,51
6,102,74,65,53,87,91,59,88
7,81,90,63,88,84,97,65,94
8,98,56,78,60,76,94,91,89
0,87,87,72,107,54,56,79,54
1,76,67,75,98,93,92,83,95
2,51,103,75,106,78,69,68,98
3,75,56,65,56,53,99,107,81
4,75,67,87,109,59,62,98,54
5,96,83,87,60,82,72,102,71
6,74,67,56,105,91,97,102,56
7,62,108,59,51,52,93,54,55
8,100,103,74,91,64,100,64,78
0,79,58,94,82,102,70,55,75
1,76,81,61,92,101,65,109,60
2,76,66,101,79,99,65,58,84
3,80,78,108,82,53,82,88,88
4,104,108,106,77,53,79,107,104
5,52,105,71,101,75,89,59,107
6,103,71,96,107,63,94,63,56
7,63,109,53,64,108,59,98,95
8,103,65,68,70,70,97,51,86
0,57,103,94,105,58,82,74,100
1,90,86,96,92,87,53,86,108
2,98,83,83,54,63,77,89,71
3,85,79,61,92,99,55,55,86
4,68,84,82,71,107,92,106,103
5,82,91,82,86,77,77,61,82
6,71,71,91,66,64,94,66,57
7,52,95,104,51,109,101,105,62
8,62,88,62,60,88,61,96,106
0,84,55,106,64,68,67,105,50
1,107,73,88,90,108,97,98,71
2,62,77,93,92,61,101,71,76
3,51,68,99,55,87,61,65,55
4,99,68,64,102,82,74,77,88
5,108,56,65,52,60,99,76,77
6,70,74,65,105,62,67,74,92
7,62,59,103,70,84,91,53,104
8,58,109,94,109,85,65,73,64
0,68,59,81,90,56,64,69,65
1,73,99,75,86,71,81,62,54
2,53,65,94,80,51,98,71,85
3,50,96,59,67,90,107,100,66
4,92,62,106,63,61,64,87,55
5,70,78,60,57,80,97,83,53
6,100,109,103,53,107,104,70,74
7,63,72,88,94,50,93,101,74
8,51,88,98,104,90,90,96,96
0,69,52,99,84,103,89,96,90
1,108,59,55,65,58,62,84,65
2,71,73,83,62,103,98,61,93
3,83,83,69,97,76,104,83,70
4,92,63,59,97,60,70,60,71
5,91,96,64,75,63,75,75,67
6,50,57,88,65,50,102,51,73
7,66,69,104,84,53,95,57,89
8,72,93,91,64,76,60,108,72
0,78,75,76,84,100,81,50,96
1,88,93,53,95,78,68,74,91
2,86,88,62,64,72,84,99,89
3,94,54,85,77,84,86,97,90
4,50,61,100,69,54,86,101,60
5,77,101,78,101,70,63,68,100
6,72,75,69,86,59,100,93,86
7,62,60,63,109,87,96,60,64
8,76,71,64,96,85,50,102,109
0,83,100,79,91,94,103,100,66
1,106,100,80,56,64,77,89,86
2,57,73,87,56,106,92,76,80
3,100,51,92,106,93,88,56,52
4,103,85,93,108,59,106,75,73
5,59,57,79,95,70,51,55,75
6,97,106,65,52,107,100,58,67
7,91,54,87,65,101,70,52,85
8,71,97,98,68,86,83,94,86
0,100,78,57,72,61,90,100,75
1,102,90,89,98,73,59,105,73
2,51,89,80,108,69,63,66,62
3,57,105,87,75,69,60,61,58
4,99,108,56,52,76,90,79,86
5,69,97,107,67,87,91,51,61
6,93,99,79,68,58,100,74,64
7,72,78,95,86,96,64,78,96
8,65,56,87,80,61,61,70,85